camera_frame: camera_color_optical_frame
charuco_frame: charuco_board
translation:
  x: -0.04914410701175838
  y: 0.20881075977764108
  z: 0.43613382844869486
rotation:
  x: 0.9177340701414205
  y: -0.011161779078865541
  z: -0.0076012546253790645
  w: 0.3969657568576629



