camera_frame: camera_color_optical_frame
charuco_frame: floor
euler_degrees:
  pitch: -0.336
  roll: 163.14
  yaw: -2.585
rotation:
  w: 0.14642
  x: 0.98896
  y: -0.02275
  z: -0.000406
translation:
  x: -0.076
  y: -0.027
  z: 0.488





