camera_frame: charuco_board
charuco_frame: camera_frame
euler_degrees:
  pitch: 4.160778692338264
  roll: -156.72262817826743
  yaw: 0.8263219852425931
rotation:
  w: 0.20134468092124344
  x: -0.9788210498639588
  y: 0.0002652422222909105
  z: 0.037008126871050324
translation:
  x: -0.006957413184337278
  y: -0.16909921325580723
  z: 0.41593625416604035
