camera_frame: charuco_board
charuco_frame: camera_frame
euler_degrees:
  pitch: 5.697880791331435
  roll: -158.16951016584454
  yaw: -2.290301463362281
rotation:
  w: 0.19006025865450454
  x: -0.980310807796918
  y: 0.029009197373582273
  z: 0.045014271786593174
translation:
  x: -0.028409363536482126
  y: -0.1964201163537683
  z: 0.3783557135223731
