camera_frame: floor
charuco_frame: camera_optical
euler_degrees:
  pitch: 1.3072334749537016
  roll: -133.22767020568043
  yaw: -0.8282953014385843
rotation:
  w: 0.3969657568576629
  x: -0.9177340701414205
  y: 0.011161779078865541
  z: 0.0076012546253790645
translation:
  x: 0.056884250938116526
  y: -0.17561003058578406
  z: 0.44961660570210693
