camera_frame: camera_link
charuco_frame: floor
euler_degrees:
  pitch: -3.375591715240694
  roll: -148.14713627012998
  yaw: -0.806
rotation:
  w: 0.2740778187976555
  x: -0.9612307029829374
  y: -0.00132118161623893
  z: -0.030251270472233423
translation:
  x: -0.096
  y: 0.057
  z: 0.46
