camera_frame: floor
charuco_frame: camera_color_optical_frame
euler_degrees:
  pitch: 0.4277259780879139
  roll: -163.16616353483653
  yaw: -2.57230481026682
rotation:
  w: 0.1464201152812876
  x: -0.9889607786407744
  y: 0.022750017911824155
  z: 0.00040600031965716955
translation:
  x: 0.07184392308218329
  y: -0.170562622878454
  z: 0.45868926561778584
