camera_frame: floor
charuco_frame: camera_link
euler_degrees:
  pitch: -3.292462293545555
  roll: 148.13934296630984
  yaw: 1.0975070939185714
rotation:
  w: 0.2740778187976556
  x: 0.9612307029829376
  y: 0.0013211816162389302
  z: 0.030251270472233426
translation:
  x: 0.0695390676445522
  y: 0.29261110128746487
  z: 0.36552436509002173
