camera_frame: camera_link
charuco_frame: floor
euler_degrees:
  roll: -155.788
  pitch: 2.787
  yaw: -0.591
rotation:
  x: 0.977485
  y: 0.000061
  z: -0.024885
  w: 0.209530
translation:
  x: -0.045
  y: 0.009
  z: 0.472





