%YAML:1.0
---
world2cam: !!opencv-matrix
   rows: 3
   cols: 3
   dt: d
   data: [ -5.4083694251006898e+02, 1.9190188891908074e+03,
       1.2824566103767897e+03, 1.2884838456320215e+03,
       1.5664980430367441e+01, -1.7763803448737809e+02,
       -8.3432160715389292e-01, 6.2064049836505181e-02,
       1.3660682751558049e+00 ]
cam2world: !!opencv-matrix
   rows: 3
   cols: 3
   dt: d
   data: [ -1.0838540401954890e-05, 8.4969004725648535e-04,
       1.2066543869094110e-01, 5.3882873267173035e-04,
       -1.1069768821952140e-04, -5.2024382877375919e-01,
       -3.1099998834534886e-05, 5.2397462532866642e-04,
       8.2935988065712607e-01 ]
world2cam_scaled: !!opencv-matrix
   rows: 3
   cols: 3
   dt: d
   data: [ -3.1689664600199361e+00, -1.1244251303852392e+01,
       4.1609849441630022e+03, 7.5497100330001272e+00,
       -9.1786994709184264e-02, -1.5414056384182717e+02,
       -4.8886031669173420e-03, -3.6365654201077271e-04,
       1.4591643499105629e+00 ]
cam2world_scaled: !!opencv-matrix
   rows: 3
   cols: 3
   dt: d
   data: [ -1.8497775619336348e-03, 1.4501376806510682e-01,
       2.0593568203253973e+01, -9.9921703410949539e-02,
       1.5302990954027021e-01, 3.0110440955894575e+02,
       -3.1099998834534879e-05, 5.2397462532866642e-04,
       8.2935988065712607e-01 ]
